1	0.001996	1.000000	0.980238	0.019762
2	0.003992	0.980199	0.960866	0.019549
3	0.005988	0.960790	0.941878	0.019339
4	0.007984	0.941765	0.923264	0.019133
5	0.009980	0.923117	0.905018	0.018931
6	0.011976	0.904839	0.887133	0.018732
7	0.013972	0.886922	0.869601	0.018537
8	0.015968	0.869360	0.852416	0.018345
9	0.017964	0.852145	0.835570	0.018157
10	0.019960	0.835272	0.819057	0.017972
11	0.021956	0.818732	0.802871	0.017791
12	0.023952	0.802521	0.787005	0.017612
13	0.025948	0.786630	0.771452	0.017437
14	0.027944	0.771054	0.756206	0.017265
15	0.029940	0.755786	0.741262	0.017096
16	0.031936	0.740821	0.726613	0.016930
17	0.033932	0.726152	0.712253	0.016767
18	0.035928	0.711773	0.698178	0.016607
19	0.037924	0.697679	0.684380	0.016449
20	0.039920	0.683865	0.670856	0.016294
21	0.041916	0.670324	0.657598	0.016142
22	0.043912	0.657050	0.644602	0.015993
23	0.045908	0.644040	0.631863	0.015846
24	0.047904	0.631288	0.619377	0.015702
25	0.049900	0.618787	0.607136	0.015560
26	0.051896	0.606535	0.595138	0.015421
27	0.053892	0.594525	0.583377	0.015284
28	0.055888	0.582753	0.571848	0.015149
29	0.057884	0.571213	0.560547	0.015017
30	0.059880	0.559903	0.549469	0.014887
31	0.061876	0.548816	0.538611	0.014759
32	0.063872	0.537949	0.527966	0.014633
33	0.065868	0.527297	0.517533	0.014510
34	0.067864	0.516856	0.507305	0.014389
35	0.069860	0.506622	0.497280	0.014269
36	0.071856	0.496590	0.487452	0.014152
37	0.073852	0.486757	0.477819	0.014036
38	0.075848	0.477119	0.468377	0.013923
39	0.077844	0.467672	0.459120	0.013811
40	0.079840	0.458411	0.450047	0.013701
41	0.081836	0.449334	0.441153	0.013594
42	0.083832	0.440437	0.432435	0.013487
43	0.085828	0.431716	0.423889	0.013383
44	0.087824	0.423167	0.415512	0.013280
45	0.089820	0.414788	0.407301	0.013179
46	0.091816	0.406575	0.399252	0.013080
47	0.093812	0.398524	0.391362	0.012982
48	0.095808	0.390633	0.383627	0.012886
49	0.097804	0.382898	0.376046	0.012791
50	0.099800	0.375316	0.368614	0.012698
51	0.101796	0.367885	0.361330	0.012606
52	0.103792	0.360600	0.354189	0.012516
53	0.105788	0.353460	0.347190	0.012427
54	0.107784	0.346461	0.340328	0.012340
55	0.109780	0.339601	0.333603	0.012254
56	0.111776	0.332877	0.327010	0.012169
57	0.113772	0.326285	0.320548	0.012086
58	0.115768	0.319824	0.314213	0.012004
59	0.117764	0.313492	0.308003	0.011923
60	0.119760	0.307284	0.301917	0.011844
61	0.121756	0.301200	0.295950	0.011766
62	0.123752	0.295236	0.290101	0.011689
63	0.125749	0.289390	0.284368	0.011613
64	0.127745	0.283659	0.278749	0.011538
65	0.129741	0.278043	0.273240	0.011464
66	0.131737	0.272537	0.267840	0.011392
67	0.133733	0.267141	0.262547	0.011320
68	0.135729	0.261851	0.257358	0.011250
69	0.137725	0.256666	0.252273	0.011181
70	0.139721	0.251584	0.247287	0.011113
71	0.141717	0.246602	0.242400	0.011045
72	0.143713	0.241719	0.237610	0.010979
73	0.145709	0.236933	0.232914	0.010914
74	0.147705	0.232242	0.228311	0.010849
75	0.149701	0.227643	0.223799	0.010786
76	0.151697	0.223135	0.219376	0.010723
77	0.153693	0.218717	0.215041	0.010662
78	0.155689	0.214386	0.210791	0.010601
79	0.157685	0.210141	0.206626	0.010541
80	0.159681	0.205980	0.202542	0.010482
81	0.161677	0.201902	0.198540	0.010424
82	0.163673	0.197904	0.194616	0.010366
83	0.165669	0.193985	0.190770	0.010310
84	0.167665	0.190144	0.187000	0.010254
85	0.169661	0.186379	0.183304	0.010199
86	0.171657	0.182688	0.179682	0.010145
87	0.173653	0.179071	0.176131	0.010091
88	0.175649	0.175525	0.172650	0.010038
89	0.177645	0.172050	0.169238	0.009986
90	0.179641	0.168643	0.165894	0.009935
91	0.181637	0.165304	0.162615	0.009884
92	0.183633	0.162030	0.159402	0.009834
93	0.185629	0.158822	0.156252	0.009785
94	0.187625	0.155677	0.153164	0.009736
95	0.189621	0.152595	0.150137	0.009688
96	0.191617	0.149573	0.147170	0.009640
97	0.193613	0.146611	0.144262	0.009593
98	0.195609	0.143708	0.141411	0.009547
99	0.197605	0.140863	0.138616	0.009502
100	0.199601	0.138074	0.135877	0.009457
101	0.201597	0.135340	0.133191	0.009412
102	0.203593	0.132660	0.130559	0.009368
103	0.205589	0.130033	0.127979	0.009325
104	0.207585	0.127458	0.125450	0.009282
105	0.209581	0.124934	0.122971	0.009240
106	0.211577	0.122461	0.120541	0.009198
107	0.213573	0.120036	0.118158	0.009156
108	0.215569	0.117659	0.115823	0.009116
109	0.217565	0.115329	0.113534	0.009075
110	0.219561	0.113045	0.111291	0.009036
111	0.221557	0.110807	0.109091	0.008996
112	0.223553	0.108613	0.106936	0.008957
113	0.225549	0.106462	0.104822	0.008919
114	0.227545	0.104354	0.102751	0.008881
115	0.229541	0.102288	0.100720	0.008844
116	0.231537	0.100262	0.098730	0.008807
117	0.233533	0.098277	0.096779	0.008770
118	0.235529	0.096331	0.094866	0.008734
119	0.237525	0.094424	0.092991	0.008698
120	0.239521	0.092554	0.091154	0.008663
121	0.241517	0.090721	0.089352	0.008628
122	0.243513	0.088925	0.087586	0.008593
123	0.245509	0.087164	0.085856	0.008559
124	0.247505	0.085438	0.084159	0.008525
125	0.249501	0.083746	0.082496	0.008492
126	0.251497	0.082088	0.080865	0.008459
127	0.253493	0.080463	0.079267	0.008426
128	0.255489	0.078870	0.077701	0.008393
129	0.257485	0.077308	0.076165	0.008361
130	0.259481	0.075777	0.074660	0.008330
131	0.261477	0.074277	0.073185	0.008299
132	0.263473	0.072806	0.071738	0.008268
133	0.265469	0.071364	0.070321	0.008237
134	0.267465	0.069951	0.068931	0.008207
135	0.269461	0.068566	0.067569	0.008177
136	0.271457	0.067208	0.066233	0.008147
137	0.273453	0.065877	0.064924	0.008118
138	0.275449	0.064573	0.063641	0.008088
139	0.277445	0.063294	0.062384	0.008060
140	0.279441	0.062041	0.061151	0.008031
141	0.281437	0.060813	0.059942	0.008003
142	0.283433	0.059608	0.058758	0.007975
143	0.285429	0.058428	0.057597	0.007947
144	0.287425	0.057271	0.056458	0.007920
145	0.289421	0.056137	0.055343	0.007893
146	0.291417	0.055026	0.054249	0.007866
147	0.293413	0.053936	0.053177	0.007840
148	0.295409	0.052868	0.052126	0.007813
149	0.297405	0.051821	0.051096	0.007787
150	0.299401	0.050795	0.050086	0.007762
151	0.301397	0.049789	0.049096	0.007736
152	0.303393	0.048803	0.048126	0.007711
153	0.305389	0.047837	0.047175	0.007686
154	0.307385	0.046890	0.046243	0.007661
155	0.309381	0.045961	0.045329	0.007636
156	0.311377	0.045051	0.044433	0.007612
157	0.313373	0.044159	0.043555	0.007588
158	0.315369	0.043285	0.042694	0.007564
159	0.317365	0.042428	0.041850	0.007540
160	0.319361	0.041588	0.041023	0.007517
161	0.321357	0.040764	0.040213	0.007493
162	0.323353	0.039957	0.039418	0.007470
163	0.325349	0.039166	0.038639	0.007448
164	0.327345	0.038390	0.037875	0.007425
165	0.329341	0.037630	0.037127	0.007403
166	0.331337	0.036885	0.036393	0.007380
167	0.333333	0.036155	0.035674	0.007358
168	0.335329	0.035439	0.034969	0.007336
169	0.337325	0.034737	0.034278	0.007315
170	0.339321	0.034049	0.033601	0.007293
171	0.341317	0.033375	0.032937	0.007272
172	0.343313	0.032714	0.032286	0.007251
173	0.345309	0.032066	0.031648	0.007230
174	0.347305	0.031431	0.031022	0.007209
175	0.349301	0.030809	0.030409	0.007189
176	0.351297	0.030199	0.029808	0.007168
177	0.353293	0.029601	0.029219	0.007148
178	0.355289	0.029015	0.028642	0.007128
179	0.357285	0.028440	0.028076	0.007108
180	0.359281	0.027877	0.027521	0.007088
181	0.361277	0.027325	0.026977	0.007069
182	0.363273	0.026784	0.026444	0.007049
183	0.365269	0.026254	0.025921	0.007030
184	0.367265	0.025734	0.025409	0.007011
185	0.369261	0.025224	0.024907	0.006992
186	0.371257	0.024725	0.024415	0.006973
187	0.373253	0.024235	0.023932	0.006955
188	0.375250	0.023755	0.023459	0.006936
189	0.377246	0.023285	0.022996	0.006918
190	0.379242	0.022824	0.022541	0.006900
191	0.381238	0.022372	0.022096	0.006882
192	0.383234	0.021929	0.021659	0.006864
193	0.385230	0.021495	0.021231	0.006846
194	0.387226	0.021069	0.020811	0.006828
195	0.389222	0.020652	0.020400	0.006811
196	0.391218	0.020243	0.019997	0.006793
197	0.393214	0.019842	0.019602	0.006776
198	0.395210	0.019449	0.019215	0.006759
199	0.397206	0.019064	0.018835	0.006742
200	0.399202	0.018687	0.018463	0.006725
201	0.401198	0.018317	0.018098	0.006709
202	0.403194	0.017954	0.017740	0.006692
203	0.405190	0.017599	0.017389	0.006675
204	0.407186	0.017250	0.017046	0.006659
205	0.409182	0.016909	0.016709	0.006643
206	0.411178	0.016574	0.016379	0.006627
207	0.413174	0.016246	0.016055	0.006611
208	0.415170	0.015924	0.015738	0.006595
209	0.417166	0.015609	0.015427	0.006579
210	0.419162	0.015300	0.015122	0.006563
211	0.421158	0.014997	0.014823	0.006548
212	0.423154	0.014700	0.014530	0.006532
213	0.425150	0.014409	0.014243	0.006517
214	0.427146	0.014123	0.013962	0.006502
215	0.429142	0.013844	0.013686	0.006487
216	0.431138	0.013570	0.013415	0.006472
217	0.433134	0.013301	0.013150	0.006457
218	0.435130	0.013037	0.012890	0.006442
219	0.437126	0.012779	0.012636	0.006427
220	0.439122	0.012526	0.012386	0.006413
221	0.441118	0.012278	0.012141	0.006398
222	0.443114	0.012035	0.011901	0.006384
223	0.445110	0.011797	0.011666	0.006369
224	0.447106	0.011563	0.011435	0.006355
225	0.449102	0.011334	0.011209	0.006341
226	0.451098	0.011110	0.010988	0.006327
227	0.453094	0.010890	0.010771	0.006313
228	0.455090	0.010674	0.010558	0.006299
229	0.457086	0.010463	0.010349	0.006285
230	0.459082	0.010256	0.010145	0.006272
231	0.461078	0.010053	0.009944	0.006258
232	0.463074	0.009854	0.009748	0.006245
233	0.465070	0.009659	0.009555	0.006231
234	0.467066	0.009467	0.009366	0.006218
235	0.469062	0.009280	0.009181	0.006205
236	0.471058	0.009096	0.009000	0.006191
237	0.473054	0.008916	0.008822	0.006178
238	0.475050	0.008739	0.008648	0.006165
239	0.477046	0.008566	0.008477	0.006152
240	0.479042	0.008397	0.008309	0.006140
241	0.481038	0.008231	0.008145	0.006127
242	0.483034	0.008068	0.007984	0.006114
243	0.485030	0.007908	0.007826	0.006102
244	0.487026	0.007751	0.007672	0.006089
245	0.489022	0.007598	0.007520	0.006077
246	0.491018	0.007447	0.007371	0.006064
247	0.493014	0.007300	0.007226	0.006052
248	0.495010	0.007155	0.007083	0.006040
249	0.497006	0.007014	0.006943	0.006028
250	0.499002	0.006875	0.006806	0.006016
251	0.500998	0.006739	0.006671	0.006004
252	0.502994	0.006605	0.006540	0.005992
253	0.504990	0.006474	0.006410	0.005980
254	0.506986	0.006346	0.006284	0.005968
255	0.508982	0.006221	0.006159	0.005956
256	0.510978	0.006097	0.006038	0.005945
257	0.512974	0.005977	0.005918	0.005933
258	0.514970	0.005858	0.005801	0.005922
259	0.516966	0.005742	0.005687	0.005910
260	0.518962	0.005629	0.005574	0.005899
261	0.520958	0.005517	0.005464	0.005887
262	0.522954	0.005408	0.005356	0.005876
263	0.524950	0.005301	0.005251	0.005865
264	0.526946	0.005196	0.005147	0.005854
265	0.528942	0.005093	0.005045	0.005843
266	0.530938	0.004992	0.004945	0.005832
267	0.532934	0.004893	0.004848	0.005821
268	0.534930	0.004797	0.004752	0.005810
269	0.536926	0.004702	0.004658	0.005799
270	0.538922	0.004609	0.004566	0.005789
271	0.540918	0.004517	0.004476	0.005778
272	0.542914	0.004428	0.004387	0.005767
273	0.544910	0.004340	0.004301	0.005757
274	0.546906	0.004254	0.004216	0.005746
275	0.548902	0.004170	0.004132	0.005736
276	0.550898	0.004088	0.004051	0.005725
277	0.552894	0.004007	0.003971	0.005715
278	0.554890	0.003927	0.003892	0.005705
279	0.556886	0.003850	0.003815	0.005694
280	0.558882	0.003773	0.003740	0.005684
281	0.560878	0.003699	0.003666	0.005674
282	0.562874	0.003625	0.003594	0.005664
283	0.564870	0.003554	0.003523	0.005654
284	0.566866	0.003483	0.003453	0.005644
285	0.568862	0.003414	0.003385	0.005634
286	0.570858	0.003347	0.003318	0.005624
287	0.572854	0.003281	0.003252	0.005614
288	0.574850	0.003216	0.003188	0.005605
289	0.576846	0.003152	0.003125	0.005595
290	0.578842	0.003090	0.003063	0.005585
291	0.580838	0.003028	0.003003	0.005576
292	0.582834	0.002968	0.002944	0.005566
293	0.584830	0.002910	0.002886	0.005557
294	0.586826	0.002852	0.002829	0.005547
295	0.588822	0.002796	0.002773	0.005538
296	0.590818	0.002740	0.002718	0.005528
297	0.592814	0.002686	0.002664	0.005519
298	0.594810	0.002633	0.002612	0.005510
299	0.596806	0.002581	0.002560	0.005501
300	0.598802	0.002530	0.002509	0.005491
301	0.600798	0.002480	0.002460	0.005482
302	0.602794	0.002431	0.002411	0.005473
303	0.604790	0.002383	0.002364	0.005464
304	0.606786	0.002335	0.002317	0.005455
305	0.608782	0.002289	0.002271	0.005446
306	0.610778	0.002244	0.002226	0.005437
307	0.612774	0.002199	0.002182	0.005429
308	0.614770	0.002156	0.002139	0.005420
309	0.616766	0.002113	0.002097	0.005411
310	0.618762	0.002072	0.002056	0.005402
311	0.620758	0.002031	0.002015	0.005393
312	0.622755	0.001990	0.001975	0.005385
313	0.624750	0.001951	0.001936	0.005376
314	0.626747	0.001912	0.001898	0.005368
315	0.628743	0.001875	0.001861	0.005359
316	0.630738	0.001838	0.001824	0.005351
317	0.632735	0.001801	0.001788	0.005342
318	0.634731	0.001766	0.001753	0.005334
319	0.636727	0.001731	0.001718	0.005325
320	0.638723	0.001696	0.001684	0.005317
321	0.640719	0.001663	0.001651	0.005309
322	0.642715	0.001630	0.001618	0.005301
323	0.644711	0.001598	0.001586	0.005292
324	0.646707	0.001566	0.001555	0.005284
325	0.648703	0.001535	0.001524	0.005276
326	0.650699	0.001505	0.001494	0.005268
327	0.652695	0.001475	0.001465	0.005260
328	0.654691	0.001446	0.001436	0.005252
329	0.656687	0.001417	0.001408	0.005244
330	0.658683	0.001389	0.001380	0.005236
331	0.660679	0.001362	0.001353	0.005228
332	0.662675	0.001335	0.001326	0.005220
333	0.664671	0.001309	0.001300	0.005212
334	0.666667	0.001283	0.001274	0.005204
335	0.668663	0.001257	0.001249	0.005197
336	0.670659	0.001233	0.001225	0.005189
337	0.672655	0.001208	0.001200	0.005181
338	0.674651	0.001184	0.001177	0.005174
339	0.676647	0.001161	0.001154	0.005166
340	0.678643	0.001138	0.001131	0.005158
341	0.680639	0.001116	0.001109	0.005151
342	0.682635	0.001094	0.001087	0.005143
343	0.684631	0.001072	0.001065	0.005136
344	0.686627	0.001051	0.001044	0.005128
345	0.688623	0.001030	0.001024	0.005121
346	0.690619	0.001010	0.001004	0.005113
347	0.692615	0.000990	0.000984	0.005106
348	0.694611	0.000970	0.000965	0.005099
349	0.696607	0.000951	0.000946	0.005091
350	0.698603	0.000933	0.000927	0.005084
351	0.700599	0.000914	0.000909	0.005077
352	0.702595	0.000896	0.000891	0.005070
353	0.704591	0.000879	0.000873	0.005062
354	0.706587	0.000861	0.000856	0.005055
355	0.708583	0.000844	0.000839	0.005048
356	0.710579	0.000828	0.000823	0.005041
357	0.712575	0.000811	0.000807	0.005034
358	0.714571	0.000795	0.000791	0.005027
359	0.716567	0.000780	0.000775	0.005020
360	0.718563	0.000764	0.000760	0.005013
361	0.720559	0.000749	0.000745	0.005006
362	0.722555	0.000735	0.000731	0.004999
363	0.724551	0.000720	0.000716	0.004992
364	0.726547	0.000706	0.000702	0.004985
365	0.728543	0.000692	0.000688	0.004979
366	0.730539	0.000679	0.000675	0.004972
367	0.732535	0.000665	0.000662	0.004965
368	0.734531	0.000652	0.000649	0.004958
369	0.736527	0.000640	0.000636	0.004952
370	0.738523	0.000627	0.000624	0.004945
371	0.740519	0.000615	0.000611	0.004938
372	0.742515	0.000603	0.000600	0.004932
373	0.744511	0.000591	0.000588	0.004925
374	0.746507	0.000579	0.000576	0.004918
375	0.748503	0.000568	0.000565	0.004912
376	0.750499	0.000557	0.000554	0.004905
377	0.752495	0.000546	0.000543	0.004899
378	0.754491	0.000535	0.000533	0.004892
379	0.756487	0.000525	0.000522	0.004886
380	0.758483	0.000515	0.000512	0.004879
381	0.760479	0.000505	0.000502	0.004873
382	0.762475	0.000495	0.000492	0.004867
383	0.764471	0.000485	0.000483	0.004860
384	0.766467	0.000476	0.000474	0.004854
385	0.768463	0.000467	0.000464	0.004848
386	0.770459	0.000457	0.000455	0.004841
387	0.772455	0.000449	0.000447	0.004835
388	0.774451	0.000440	0.000438	0.004829
389	0.776447	0.000431	0.000429	0.004823
390	0.778443	0.000423	0.000421	0.004816
391	0.780439	0.000415	0.000413	0.004810
392	0.782435	0.000407	0.000405	0.004804
393	0.784431	0.000399	0.000397	0.004798
394	0.786427	0.000391	0.000390	0.004792
395	0.788423	0.000384	0.000382	0.004786
396	0.790419	0.000376	0.000375	0.004780
397	0.792415	0.000369	0.000368	0.004774
398	0.794411	0.000362	0.000361	0.004768
399	0.796407	0.000355	0.000354	0.004762
400	0.798403	0.000348	0.000347	0.004756
401	0.800399	0.000342	0.000340	0.004750
402	0.802395	0.000335	0.000334	0.004744
403	0.804391	0.000329	0.000327	0.004738
404	0.806387	0.000323	0.000321	0.004732
405	0.808383	0.000316	0.000315	0.004726
406	0.810379	0.000310	0.000309	0.004720
407	0.812375	0.000305	0.000303	0.004715
408	0.814371	0.000299	0.000298	0.004709
409	0.816367	0.000293	0.000292	0.004703
410	0.818363	0.000288	0.000287	0.004697
411	0.820359	0.000282	0.000281	0.004692
412	0.822355	0.000277	0.000276	0.004686
413	0.824351	0.000272	0.000271	0.004680
414	0.826347	0.000267	0.000266	0.004675
415	0.828343	0.000262	0.000261	0.004669
416	0.830339	0.000257	0.000256	0.004663
417	0.832335	0.000252	0.000251	0.004658
418	0.834331	0.000248	0.000247	0.004652
419	0.836327	0.000243	0.000242	0.004647
420	0.838323	0.000239	0.000238	0.004641
421	0.840319	0.000234	0.000233	0.004636
422	0.842315	0.000230	0.000229	0.004630
423	0.844311	0.000226	0.000225	0.004625
424	0.846307	0.000222	0.000221	0.004619
425	0.848303	0.000218	0.000217	0.004614
426	0.850299	0.000214	0.000213	0.004608
427	0.852295	0.000210	0.000209	0.004603
428	0.854291	0.000206	0.000205	0.004598
429	0.856287	0.000203	0.000202	0.004592
430	0.858283	0.000199	0.000198	0.004587
431	0.860279	0.000196	0.000195	0.004582
432	0.862275	0.000192	0.000191	0.004576
433	0.864271	0.000189	0.000188	0.004571
434	0.866267	0.000186	0.000185	0.004566
435	0.868263	0.000182	0.000182	0.004560
436	0.870259	0.000179	0.000179	0.004555
437	0.872256	0.000176	0.000176	0.004550
438	0.874251	0.000173	0.000173	0.004545
439	0.876248	0.000170	0.000170	0.004540
440	0.878244	0.000167	0.000167	0.004534
441	0.880240	0.000165	0.000164	0.004529
442	0.882236	0.000162	0.000161	0.004524
443	0.884232	0.000159	0.000159	0.004519
444	0.886228	0.000157	0.000156	0.004514
445	0.888224	0.000154	0.000154	0.004509
446	0.890220	0.000152	0.000151	0.004504
447	0.892216	0.000149	0.000149	0.004499
448	0.894212	0.000147	0.000147	0.004494
449	0.896208	0.000145	0.000144	0.004489
450	0.898204	0.000143	0.000142	0.004484
451	0.900200	0.000140	0.000140	0.004479
452	0.902196	0.000138	0.000138	0.004474
453	0.904192	0.000136	0.000136	0.004469
454	0.906188	0.000134	0.000134	0.004464
455	0.908184	0.000132	0.000132	0.004459
456	0.910180	0.000130	0.000130	0.004454
457	0.912176	0.000129	0.000128	0.004449
458	0.914172	0.000127	0.000126	0.004444
459	0.916168	0.000125	0.000125	0.004440
460	0.918164	0.000123	0.000123	0.004435
461	0.920160	0.000122	0.000121	0.004430
462	0.922156	0.000120	0.000120	0.004425
463	0.924152	0.000119	0.000118	0.004420
464	0.926148	0.000117	0.000117	0.004416
465	0.928144	0.000116	0.000115	0.004411
466	0.930140	0.000114	0.000114	0.004406
467	0.932136	0.000113	0.000113	0.004401
468	0.934132	0.000112	0.000111	0.004397
469	0.936128	0.000111	0.000110	0.004392
470	0.938124	0.000109	0.000109	0.004387
471	0.940120	0.000108	0.000108	0.004383
472	0.942116	0.000107	0.000106	0.004378
473	0.944112	0.000106	0.000105	0.004373
474	0.946108	0.000105	0.000104	0.004369
475	0.948104	0.000104	0.000103	0.004364
476	0.950100	0.000103	0.000102	0.004360
477	0.952096	0.000102	0.000101	0.004355
478	0.954092	0.000101	0.000101	0.004350
479	0.956088	0.000100	0.000100	0.004346
480	0.958084	0.000100	0.000099	0.004341
481	0.960080	0.000099	0.000098	0.004337
482	0.962076	0.000098	0.000097	0.004332
483	0.964072	0.000097	0.000097	0.004328
484	0.966068	0.000097	0.000096	0.004323
485	0.968064	0.000096	0.000095	0.004319
486	0.970060	0.000096	0.000095	0.004315
487	0.972056	0.000095	0.000094	0.004310
488	0.974052	0.000095	0.000094	0.004306
489	0.976048	0.000094	0.000093	0.004301
490	0.978044	0.000094	0.000093	0.004297
491	0.980040	0.000093	0.000093	0.004292
492	0.982036	0.000093	0.000092	0.004288
493	0.984032	0.000093	0.000092	0.004284
494	0.986028	0.000092	0.000092	0.004279
495	0.988024	0.000092	0.000091	0.004275
496	0.990020	0.000092	0.000091	0.004271
497	0.992016	0.000092	0.000091	0.004267
498	0.994012	0.000092	0.000091	0.004262
499	0.996008	0.000092	0.000091	0.004258
500	0.998004	0.000092	0.000091	0.004254
501	1.000000	0.000092	0.000091	0.004249
